
state={
	id=11
	name="STATE_11"
	provinces={
		11 39 64 74 108 138 193 253 284 295 297 323 326 337 373 394 400 433 540 556 606 621 652 687 727 734 737 751 774 854 878 889 893 899 908 911 923 966 994 997 1012 1013 1042 1046 1050 1092 1113 1124 1139 1158 1161 1181 1223 1284 1288 1296 1307 1312 1332 1360 1402 1443 1465 1513 1514 1536 1545 1547 1573 1620 1622 1635 1666 1754 1774 1806 1833 1840 1889 1894 1896 2007 2009 2013 2058 2063 2089 2091 2096 2100 2120 2128 2133 2150 2153 2176 2195 2202 2238 2240 2244 2248 2264 2277 2285 2287 2289 2294 2306 2328 2336 2374 2381 2427 2443 2458 2515 2542 2543 2554 2559 2595 2602 2700 2745 2747 2753 2764 2844 2887 2888 2947 2950 2954 2987 2989 3009 3012 3046 3093 3104 3123 3136 3139 3158 3161 3191 3204 3222 3258 3315 3327 3375 3416 3426 3459 3463 3515 3520 3521 3525 3529 3565 3594 3638 3647 3668 3707 3708 3712 3716 3728 3739 3747 3781 3805 3814 3835 3837 3858 3861 3877 3898 3946 3986 4009 4012 4042 4049 4087 4139 4140 4162 4165 4194 4301 4305 4313 4320 4362 4392 4427 4428 4445 4450 4461 4465 4467 4496 4506 4538 4615 4627 4632 4646 4659 4672 4717 4732 4741 4742 4815 4825 4838 4842 4874 4893 4896 4923 4960 4962 5038 5065 5111 5114 5215 5219 5223 5232 5234 5243 5269 5277 5291 5303 5308 5311 5362 5377 5395 5414 5482 5488 5499 5512 5543 5573 5618 5628 5642 5682 5698 5713 5720 5722 5723 5750 5761 5785 5822 5863 5879 5898 5901 5905 5938 5950 5962 5977 5988 6028 6052 6056 6058 6075 6084 6118 6122 6127 6137 6155 6164 6166 6188 6255 6285 6296 6302 6315 6330 6344 6381 6391 6394 6411 6415 6443 6445 6450 6463 6480 6487 6519 6525 6583 6599 6604 6630 6673 6767 6800 6805 6811 6814 6855 6878 6890 6899 6911 6983 6985 6998 7019 7025 7034 7056 7065 7068 7076 7087 7145 7146 7231 7245 7253 7261 7276 7343 7372 7388 7403 7442 7455 7483 7488 7509 7516 7518 7519 7557 7577 7660 7668 7679 7686 7687 7689 7692 7706 7712 7719 7829 7837 7839 7851 7870 7886 7925 7928 7929 7933 7939 7940 7948 7952 7958 7959 7965 7973 7976 7977 7985 7992 7993 7997 8001 8003 8016 8018 8020 8027 8032 8037 8043 8044 8056 8069 8077 8081 8089 8090 8091 8109 8116 8125 8129 8145 8147 8150 8155 8168 8182 8197 8198 8208 8212 8230 8231 8234 8241 8243 8244 8246 8248 8250 8256 8258 8266 8269 8289 8292 8304 8308 8324 8334 8350 8352 8354 8365 8373 8374 8380 8402 8406 8413 8422 8443 8446 8447 8458 8468 8475 8497 8503 8505 8556 8564 8570 8592 8608 8615 8629 8663 8667 8668 8687 8688 8708 8717 8730 8734 8738 8750 8803 8811 8812 8857 8864 8900 8971 
	}
	manpower=3
	buildings_max_level_factor=1.000
	state_category=rural
	local_supplies=0.000
}
